Ex 1
1
255,255,255,255
bg.png
0,0,0
0

line;-516,-102;10;-53
line;-506,-113;20;-45
line;-488,-129;29;-41
line;-442,-162;34;-34
line;-378,-195;40;-22
line;-273,-231;71;-16
line;-145,-262;66;-10
line;5,-275;87;-2
line;147,-273;66;6
line;275,-253;53;13
line;361,-217;43;34
line;425,-158;47;54
line;458,-86;37;77
line;459,-2;49;101
line;423,75;44;129
line;348,148;53;142
line;252,203;57;155
line;123,237;78;173
line;-13,235;65;-169
line;-149,184;78;-150
line;-242,105;55;-128
line;-303,6;55;-117
line;-341,-92;47;-105
line;-355,-181;42;-100
line;-331,-231;22;-43
line;-276,-258;37;-13
line;-182,-267;58;-3
line;-32,-270;90;1
line;119,-259;71;8
line;258,-230;62;18
line;352,-181;46;39
line;402,-104;48;79
line;398,-15;46;106
line;343,81;66;131
line;254,159;57;149
line;136,204;61;170
line;6,202;68;-169
line;-135,153;78;-153
line;-233,82;52;-133
line;-294,-16;64;-110
line;-311,-121;50;-85
line;-273,-232;67;-63
line;-183,-312;60;-35
line;-72,-369;59;-17
line;41,-384;55;3
line;154,-348;66;33
line;233,-276;47;47
line;277,-163;51;77
line;290,-62;48;90
line;269,35;53;113
line;214,112;48;141
line;95,158;87;173
line;-64,154;83;-172
line;-244,99;103;-155
line;-370,12;65;-131
line;-430,-105;60;-104
line;-430,-221;58;-75
line;-367,-334;74;-47
line;-259,-409;67;-22
line;109,-390;85;27
line;237,-298;63;48
line;300,-193;60;65
line;320,-62;60;92
line;284,64;77;116
line;179,195;81;141
line;26,273;98;163
line;-150,292;85;-175
line;-296,243;68;-144
line;-368,136;61;-105
line;-378,-1;79;-86
line;-335,-142;59;-66
line;-246,-242;85;-33
line;-111,-290;69;-8
line;38,-278;96;17
line;170,-225;74;29
line;290,-126;93;47
line;361,6;66;73
line;365,138;72;103
line;249,271;128;150