Ex 1
1
255,255,255,255
bg.png
0,0,0
0

line;-155,-67;276;31
line;85,245;89;-115
line;139,60;838;-11
line;-150,165;638;-160
line;386,115;407;83
line;32,-10;472;-5
line;-92,132;230;-100
line;107,55;654;170
line;161,148;611;-172
line;317,9;558;17
line;-257,-49;339;-75
line;286,69;232;98
line;-216,99;262;68
line;138,-188;365;-15
line;227,203;453;159
line;-167,-140;512;-46
line;472,94;351;109
line;-204,-133;471;-55
line;542,14;413;93
line;92,-230;412;-139
line;582,-3;237;58
line;-125,-212;376;-150
line;507,-49;9;117