Rainbow Road
1
255,255,255,255
rr.png
-500,-10,0
0

line;-500,2;100;0
line;-450,-50;900;90
curve;-400,400;50;180;-90
line;0,450;800;0
curve;400,400;50;90;-90
line;450,300;200;90
curve;400,200;50;0;-90
line;150,150;500;0
curve;-100,0;150;90;90
line;-250,-100;200;90
curve;-100,-200;150;180;90
line;150,-350;500;0
curve;400,-400;50;90;-90
line;450,-450;100;90
curve;400,-500;50;0;-90
line;0,-550;800;0
curve;-400,-500;50;270;-90
line;-550,-50;900;90
curve;-400,400;150;180;-90
line;0,550;800;0
curve;400,400;150;90;-90
line;550,300;200;90
curve;400,200;150;0;-90
line;150,50;500;0
curve;-100,0;50;90;90
line;-150,-100;200;90
curve;-100,-200;50;180;90
line;150,-250;500;0
curve;400,-400;150;90;-90
line;550,-450;100;90
curve;400,-500;150;0;-90
line;0,-650;800;0
curve;-400,-500;150;270;-90
line;-500,4;100;0